105570353203007
105570487420719
105571008910655
105571041195695
105571041957303
105571042211007
105571277346079
105571393390399
105571393644351
105571460499255
105571460753207
105571579081855
105571579335807
105571587724414
105572048844095
105572115698999
105572115952703
105572115952951
105572317279519
105575688357183
105575688611135
105578943136575
105579077354287
105579463103295
105579464119103
105579597321007
105579598336815
105579982386813
105579983070015
105579983323967
105579983577919
105579984085823
105579992474430
105580050432823
105580050686775
105580502496575
105580569605431
105580636714287
105584277353597
105604696033151
105604830250863
105604831266175
105604964468575
105605098686287
105605099701599
105605099955675
105605803583103
105605804598911
105605871707519
105605938816127
105605938816375
105606340453951
105606408578367
105608990999935
105608991507839
105608992015743
105609000404350
105609259435359
105610098549887
105610099565695
105613285966719
105613420184431
105613421199743
105614325359999
105614392468855
105614459577711
105614461133183
105614461641087
105614862230847
105617579156955
105617580933503
105617581441407
105617581949311
106102929147711
106102937536318
106103063365423
106103491438239
106103492327071
106103617140399
106103618155711
106103625528975
106103625655951
106103626544783
106103977723679
106104155026559
106104163415166
106104565179935
106104566068767
106104691897407
106108272690463
106111519081279
106111653298991
106112037222075
106112039047999
106112173265711
106112305657499
106112559014719
106113077141279
106113077409343
106113077933375
106113085529886
106113211358991
106113212151087
106137271977855
106137280366462
106137280620507
106137305786111
106137314174687
106137314174718
106137315190495
106137406195567
106137414584174
106137440003823
106137441019135
106137448392399
106137448392430
106137449408207
106137842656959
106137976874671
106137977889983
106138379527807
106138387916383
106138387916414
106138916398655
106139394295519
106139394549471
106139419461247
106139427849947
106139428103899
106141566944639
106141575333246
106141600752895
106141609141471
106141609141502
106141610157279
106142137623743
106143689262303
106143689516255
106143714428031
106145860071387
106145861911423
106145895719679
106145996129135
106146029937391
106146030952703
106146900272767
106146908661374
106147437143615
106147973621439
106147973746399
106147973752447
106147974000351
106147974508255
106147974538495
106148007300827
106148007554779
106148107839151
106148108756207
106148110819583
106150156878207
106150190686463
106151195239551
106152268588223
106152268719231
106152269475039
106163039938523
106180723122079
106180731510686
106214545737599
106214545985503
106214546493407
106214554126206
106214679955311
106214680711119
106215082856351
106216693220991
106216693468895
106216693976799
106455600996255
107202440644415
107202574862127
107203539805791
123163577083711
123163577337663
123163577591615
123695113094975
123695121483582
123695247312687
123696153028415
123696161417022
123729455925119
123729464313726
123729464567771
123729590142831
123731577988831
123731578242783
123731578496735
123733750891903
124794624591679
